661 ’ 11111 ’

· 61111 111 3111111111 111 111 61111111 M 111111 confitentia! 11111 3111 ’
111 1111111111, 111111111 11111 911111. 111111. 1111. mumma 1111111 1111
εἰ1ἒὲ1ιέ1111ἆὲ1111111. 111-511. zu„ V. 11. 11111111. V. 111. 11111. 111111.

Dent 1111111111 6111111 3111111111 1111 111 61311111 11
1111111111 ’1111111111 1111111111 611111 1111 1111111.

&nat 111 111111 11111111, 1111111 111111 1111 11111111. 1111111·
111111 1111111111 1111 1111111 111 1111111111111111111111111
1111111111 1111 11111111 1111111111111111 11111 11111111111111
1111 1111111 1111111111 11111 11 11 111111 1111111111 1111111 wesen
1111 1111111 111 111111 111111 111 11111 1111111111 11111111 1111111.
11111 111 111 11111111 11111111 1111111111, 111 11 111 11111111 6111
, 111111 11111111, 1111111111 111111 11111 1111111111111111 111
- 1111110111111111111. 11111111111111111111111111111111111111 11·
1111111 11111 11 111 111 1111111111 11 111111 1111 111 1111 1111111111
1111111111 11 1111111111 1111 111 1111111 1111111 1111111111111
111111 11111111111111 11111 1111111111 11111 1111111 11 1111 1111
1111 1111111111.

61111 111111 1111111111 1111 111 1111111111 1111111111 111
1111111111 111111111 1111111. 01111111 11111111 11111111 1111
Ι . 111 111111111111111 11111111111111111111111 111111 111111
111 11111 111111 1111 1111111111111111111 11. 1111111 11 11 111111
1111111 1111 1111111 1111. 1111111111 111 111111111111 1111111111
1111 111111 11111111 1111111 111 111 111 111111 1111111 1111 1111
111111 111 11111 111111 1111111111 11 111111111111111 1111111111
111 11 11111 1111111 1111111 111 11111. Uenu 11 111 1111 1111111 1111
11111 111 1111111111111 1111111 111 11111111 111111 1111111 mos·
1111111111 11111 1111 11111111) 1111111 1111111, 11111111 11111111
11111111 1111111 11111111 1111111. 1111 111111111111111 111 111111
11111111 111111 1111 11111111111111 1111 111 11111111 1111111111
111 1111111 1111111111 1111111111 1111 111 1111111111 111111.

111111111111111111111111 11111 11111111 1111111111111111111
1111111111 111111 111111, 111111 1111111111111111 111 111 111
11111111 111 1111111111 111111 11111111 11111111 111 111 1111111111.
11111111 11111 111111 111111 1111111111 11111 11111111 11111111

1111111. 1111 1111111111111111 11111111 111 11111111111111111111

1 Ι W

’1) 11111.

Α

 

