1532. 105

11111. 1111 2111111111 1112111 111111111111. 1111111111
1111111111 1111 211111. 211 111111. 1. 21. 111111 11111 1111111
1111 11111. 111 1111 11111111. 11111111) ,1111111 111 11111111. 1111
11111111111111111 11 2. 1. 21. 11111. 11111 111111 111111 111111.
1111111111111111 1111 1111111 1111 fi. Ω. 21. 111111 11111111
2111111111 11111 11111 11111111 11111111 1111111111 2111111111.
1111111 1112111111111111111111111111161111111111111111 ·
111 1111. 111111 11111 1111 11111 111111 1111. 11111111 11111111
1111111. Bu &humberga vigilia Michae'liu, 1532.

&w 111111 211111
11111111 2. >
21111111 111111.

1 11111111. ‘ 11111111111111.

111 111 111 111 21111111 11111 111111111111111111.

1111111111 111 1111111111 21111 1111111111 2111111111 1111111 1111111111 111
1111111111 (211111 11111111111111111112 1111 1111111 11 111 21111111· 11111

1111111111 11 111111211111111111 111111111111 2. 111111 11 11111 1111111 11111 .

writt-

m

1111111111. 111. 211. V. 613. 11111111. 911 21111. XL&-
21111111. zm ¹ '

211111 1111111 111111 61111 1111 ,11111111 111 611111 11 1111 >
' 1111111 11111 11111111 11111111) 1111111 1111. 1111111111
11111 1111111111.

(531111 1111111111 211111, 11111 11 11111 1111111111. 111111
1111111111 11111. 1111 11111111 1111111111 111111.1 ·

211111 111111 111111 111111111111 2111111 11 1111111
211121.11111111211111111111. 1111111111111111111111111111.
1111111. 1111111 11111111 11111 11111111111111111111 1111111111,

...ψ-...Μ-

1) 2. t. † 11111 1112.

*1 11111111 1111111 111 11111111 11111112111111111111111 (1. 111. 1. 11. 1111, .

1111. No. 11211.)

 

