111 · ’ 1111.

111 1111111. 11111111 1111111 111 1111111 M 111 mmmmm, 111 11111
111111 1111111. 11111111. 11111 1111. 1111111111 e. 17. 111. 111. 1111111116
1111111 11111 8. 1111) 11111111. 1111. 111 11111. vl. 111. 11111111. vl. 161.
11111111. 11. 11111 xlx. 1119. 111 11111111111111 11111111 1111 11 uffa
1111· 111 6111111 1111.

11111111. N⁰.MDLxxx1v.
11111111 111 11111. 11111111 11 111111. “

11111 um 111111111111111111111 1111111.

2—-

1111111111 1111111 1111. 11 111111 6., w.

θ111111111 11111 1111111111, 61111 1111111191111
1111111111 111 1111111

61111111111111111111111111. 111111 1111111111] 1111111111
1111 11111111 1111 111 1111111 111111 1111111 111111. 1111111111
11111111 111111 1111111 11111111 111 111 11111111111111111111 rm
mens 111 1111 11111 111111 1111111111 1111111 11111111 11111111
11111111] 1111 1111 1111111111 111 1111 1111111111, 111111 1111 111
1111111111 11111111 1111 11 11111111 11111111 11111 111 11111 11111111
1111 1111111111 111111 1111 11111111 1111111111 11111 1111111111 111111
1111111 1111 111111 111 11111111 11111111 1111111111 11111111 11111. (1111111
111111 111111 1111111111 111111 1111111 111111 1111111111 11 1111111111
11 1111111 1111111111. 11111111111111111111111111111111 1111 111
111111111111111 111111 1111 111 1111. 111111 11111111 mid) 1111 111»
111111 1111111 1111111 1111111111 111 1111111 1111 111111 1111111111
111111 11111 1111111111111111] 11111111 unmtnbens 1111111
111111 1111 1111111 1111 11111111111111111 111111111111111111 11111.
11111 111 1111111111 111111111111111 11 weit] 1111111111111111111
&tuno 1111111111 morinum 111 111111 111111 1111111, 111111 111111
111111 11111111. (111111 1111111 eud) 111111111111111111 1111111
111111 1111111111 11 u. (11.11111111111111 11111111 111 1111111.

, 11111111111111111111111111111. 1111111 11111111111111111111

11111 1111111111] 1511. .
11111111 111111 Ξ).

 

