1111. “ ⁴ 111

fieri, nasci 111 Rapum et occupatus. 011 pro me Dominio·
post visitationis, Mnxxxlv. ’

Τ. Martinus Luiherus.

1. 1111111. Νῠ. MDch.

111 11111111111111 V. 111 1111111111

1 111111111111111 11111111111111111111 aad 11111111111111111111111111
1111 111111 1

Ἤ

111 61111111 1111111111111 11111111111 1111 111111 1111111 1 1111
1111111111111111111111111111111111 111 11111111111111111111 11111. etz.
6111. (11111111 1121)

Dim ῶ11111111111111111 61111111111181111111 1111 61111111
61111 61111111 6111111111111111111111111.1 1111111111
11111111 611111. 1

&uait 111 1111111 11 111111] 11111 11111111 111111 11111 111111.
111111111111111 1111111111111111111 1111111111111 1, 11111111.1114 J
(11111 1111111111111111111 111 11111111111111111111111311111111
1811111111] 111111 1111 11111 1111111111 11111111] 111 111 1111
111111111111111111111111 1111111111 ,111111 1111111111 11 1111
1111. (1. 11111111 1111 1111111. 1111 1111111111 1111111111
11111111 1111 1111. 11111 11111 111 1111111111111111111111
1111111111 1111 111 11111111 111 1111111111 1111111111111111111111
1111111 111 1111111 1111111. 11111111111111 111 11111 11111 1111
11111 s 1111 111111111111111 1111111 11111 1116111111 1111111.
mutum 1111111. 11. 11. 11111 1111111111 1111111111 1111111111]
11111111111111111 111111, 1111 111111 &tub 111111 111111 11111
1111 1111 1111 1111 111 1111111111111111111 111 11111111 qe·
1111111111 11111111 111 111 11111 1111 111111. 1111 111111111111
1. 6111111. 1111111 1111111 1111111 11111 1111. 111111111 111111
11111111111111111111111111 11111111 11111 111111 1111111111111
111 11111 11111111 Θ. 1111111111 1111111111111111111 111111111 11
11111 111111111111111111 111111, 1. if. 11. 111111 1111111 11111 ,
1111 111111 111111111111 1111 111 11111111, 111111 111111 1111111·

 

