76
-6.666666.·’ ·· ’ ·-Ν·.6666666.’666’.

6666 666 6666666666 96666666 666 666666. .

6. 6666666666. 666 666, 6666666666 666666 66 66 666 6666666666 6666666666
666666 6666666666 66666, 6666 6666666666 6666666 6666666666 566666 666666 66666.
mantnt 666 666 6666666666666666 66666 66666666 666666 et 6666666 666 6. 666.

—un-

666666 6666666666 66666666 66666 6666 666666 ein 666666 aa m 66666666
6666666666 666 6666666 6666 66666 6666666 6666666. im ὅ. 6666666666
w. No. 666. 666666 66 666 6666666666 66666. 6966666666. lx. 666.ι 666. V. 666.

6666666666. 696. 66666 xx. 666 666666 xvi. 6666. 66666666 ὅ. 666
,6666666666666661666666 ..61 ’666 6666666666. 669

-Dcm 66666666666666 in 6666 natm 6666666666666666 .
6666666666 36666666 6666 666666 66666 66666666 6666.
66. 6666666666 66666666 69666666 6666666666 su 6666666

- 666 6666666666. 6966666666 in ffietmaniem 666 666666·
66666666 666 6666666666 66.. 6666666666 su 69666666·
burg 66.. 66666666 6666666666 66666. ·

&aab 6666 6666666 66 666666 Mu 66666666 666666. 6666666666.
6666666666666666 machomet 666666 6666666666 hm! 866 utta
66666 lubet 6666666666 6666 mit 66666666 6666666666 6666666 666666 nn 0.
6. ff. 66. 6666666666 66 66666666 666 66666 666666 6666666666 &ite
666 ct 6666666 66666 66666666 6666666666, 6666 6666 66666666 6666 6666 66
66666666 6666666, 6666 6666166666 6. 6. 66. Θ. 66666 66666 666666 66
6866666666 fabren: 6666666 hab 66) 6666666666 6666 6666666666 66666
6666 666666 666 66666 66666666 666666 666 66666666 6666666666 Dm·

' 6666 666666 6666666666 6666 &utens 6666666666. 696666 6666666666·
6666. 6. 66. 66. 66. 66666666 6666 66666 66666666 6666666666 66 6666
666666.

menn 6666666 (6. 6. ff. 6. 666 6666666666 666 66666 6666666 66
6666666666 6666666 6666 6666666666 666 6666666 66666666 666666 66666 6666666
666666 66666 6666666666 666 666 66666 6666666 66666666 (6666666666 6666666666

, Q. 66. 8. (6. 6666666666 6666666666666666 mit 666666 6666666 666 er·
66666666 auf 666 id) 66 6666666666 66666166) 666 666666 66666 6666 6666666
(66666666 66666 69666 66666 666 66666 6666666. 66 6666666666 6666 ungine
66666 6666666 66666 6666666 666666 (666 6666 66666666 66666 6666666), 666
66666666 6666666666 666 666 666 666 666 6666 ’66666 6666 &iem
666666 666666 6666 6666666666·

fl

 

