vm

1532.

&batim 1. 11 11 1111 111 1111111111 1111111111.

”gn 1. 1111111 1111 111111111111111111 (11111. (11111111

111111 11111111111111.
31 11111111 1111111 11 1111111111.

111111
1111111. 8111111111111111111111111111 1111 1111111 111
11111111111111111. ’
1. 1 1111111111111111111111111111111111111111
, 111 11111111111111111111111111111111111111
11. 11 1111111111111111111111111111. ’
. , 1. 1111111 111 61111111 1161111111111111111 111
11111111111111111111111111 111. 11 1111111111
111 111111111111111111111 1111111111 11111111
111 1111111111.

·⁴ 111111111111 1111111111111111 1111111 1111 11111
11111111 1111111111111.
· 111 1111111 11 6111111111 1111 111 11111111.

· 1111111111 111111111111.

· , 1111 111111111111111111 111111 1111111111 forta
111111. 1. 11 111111111111111111111 1111111111.
· 1. 111111 111 11111 11 11111 1111111. 11111111
111111111111111111111111111111111111 11111 ιι
11111111 11111) 11111111111111111111111111111111
11 1111111111 11111111111111 1111111 111111

10. 1111 1111111 11111111111111111 1111111111111111
1111111111 1111111111.
13. 611111 11111111111111111111 1111111111.
11. 111111111111111111111111111111111111111111111.
28. 1111 1111111111 1111111111 1111111.
1111111 ,
2. 1111111. (11111 11 1111111111 111111 111 1111111111
111111 11111111 1111.
16. 1.. 1111111111 111 11111111 111111 111111 111
1111111111 1111 111111111111111111 1111 1111111111
. 111 1111 111111 111111.
, 11. 111 11111111. 1111111111 111111111111 111111111.
1. 1111 1111111111111111.

 

