1531.· 1 111
11111111. · .N⁰.Mcoc1,xx1n

111111111111111111111.

a. 11111 111 111111 11111 11111111 11 111 1111111111 11161111111111 1111111111.

1111 11111111 11111111 ,1111 1111111 1111111. 1111. 11 1111111111 11 1111111111.
9111111111.111.111.1111111511.11111111.1’.911.11111.Χ1111.511. 11111111
111111111111111111111111111111111111111111111111111111111
11111 11111111111111111. 111111115111 111111111111111111111111111111
1111111111111.. , ”

9111111111111111111111. 1111111111 11111 11111111 11 111
1111. 1111 11111111111111 111111111111111111 1111111111 111 111
11111 1111111111 1111 1111 1111111111111111111 1111111 1111111111
111 11 1111 1111111111 1111. 11111111 1111111111 111111 1111111111-
11111111 umen.

11111 111 11111111111111111111111 111111111111111 1111111
111 1111111111111111111. 1111111111 1111 1111111111 &etit 11111
1111111111 111 11111111 11 111 1111 61111111 11 11111111 6111111 , ’
1111111111 111111 1111111111 11111111 1111 11111 11111 1111111 11 y
1111111111 11111 1111 111111. 1111 11111 1111 11111111 11111111

1111111111111111111111111111111111111111 111 1111 111) 11111111 ,
11111 11111111 1111111.

1111111 1111111111 1111111· 11 11111 1111 11111111 111 1111111 1111111111
1111111111 111 11111111 1111111111111111111 1111111111111 111
6111111 11111 111 11111111 1111 6111111111. 111 (11.) 11111111. 111111
111111111111111111111111111111111111111111111. 1111
111 11111111111111 1111111111111111 111 1111111111 1111111111 111 ,
111111 11111 11111 1111111111 1111111111 111 111111ῧ11111131ω1.)
svium: 1111101111111111111111111. Du 11111 1111111 1111611111
11111111 11111111 1111111 1111 11111111 1111111 1111111 111111
1111111. Ι11111 11 1111111111 11111111 111 11111111 1111111111 111
111 1111111 1111111111 111. 1111 111111 11111 111111 111. 1111 (2.) 111 11
1111 1111111111 1111 11111 1111111 11111 1111111111 11111111.

1111111 1111 11111111 1111 11111 1111111111 1111111111111115111111 ’

1111111 11111111 1111111 1111111 1111111 1111111111111111 111111
1111111 111111111111111 111111 11111111 1111111111 1111 111 111111 11111
1111 11111111 1111 1111111111 111 11111111 11111111 111111 11111111
11111 11111 1111 11111.

 

