⁴³6 15³3. ³

1111. 1111· 11 11 1111111111111 11111111111111 fo 111111 ¹
111 1111111111111111111111 1111 11111 1111111 11111111, 111 11 „
gamma& 11111111 1111 111 11111111 11111 111111 1111

&dv 11111111] e. 11. 11111 1111111111111· 111111111111
1111111111111111111 111 1111111 1111 1111111111 1111111 11111
111 11111111, 11111111 (1111 1111111111 11111. 1111, 16, ganamt,

. 1111111111 81111 -

m

1111111111. “ ” · 1111111111

, 111111111111111. ,
1111111 111111 11111111116111 1111 111 111111 111 111111.

11111111111111111111111111 1111 11111111111111111111111 111 1
6152. 11111 1111111111 11111111 1111111. 111111. 1111. 6. 572. 1711. 6. m
11111. 5 111111 11111. 111111. 511 1111111 xxl. 311. 11111 11111111 1111 1
11111111111111111111 1111111111 111 cod. 111111 1111111. Goth.

· nem (3111111111 1111111111 6111 11111111 1111111111
gegmf 11111111 111. 61111 11111111111111, 1111

&aab 1111 111111 11111111. (1111111111 1111111111] 111111 11
111 1111111111 1111111 11111 11111111 11 11111 111 1111111111
1111111 11111 111111 1111111 Q (1111111111 1111 111 1111111111
(butt 111 111111 11111) 11111111 1111111 11111 111 1111 11111111
(1111 1111111111111111111111111111111111 1111111111 1111 11111
1111111111 111111 11 1111111 11111 1111 111111 111 1111111111
111111· 111111 1111111111 6111111111 111 111111 1111111111 1111 1
(11111 11111111111111111111 11111111 11 1111111111 &ott 11111
111111111111111111111111 1111111111 11 11113) 1111111111
1111111111 111 11111 111 1111111111 111111 1111111 111111 1111
1111114) 111111111111111 111 111 1111 11111111 111111. ⁵> ε

W

Ι 11111.11111.611111.υ11.111. 111111111111.11111111-11
3111111111-11111. 1111111111. 1111111. ,

 

