VI

’ 1131.

vetem t , .
16. 1.111111111111111111111111111111. ·
1111111111
11. 1111 111111111111111 (1111111111 11111111 111 1111111111
11111111. &ie 111111 1111 111111111111111111 111111
1111 111111111111 1111111111111111111111.
1³· 11. 1111 1111111111111111111111111 1111111 11.
191 111111111111111111111111111111 &t 1111111 111
111111111111111111111 111 11111111111111 11111
111 111 11111111 111 111111111111111111 111111 1111111
6111111 11111 1111111111 1111111111 11111111.
21. 11111.111111111111111111. ’ ’

198. 81111111111111. m.
mugram 2. 1111 1111 1111111111 11 11111111111111111111111 ⁸

1111111111 111111 111 1111111111.
- 11. (1111181111111111111111111111111111111611111 11
11. 7ξξῐέπὲατιοιιῖξῑδαιιῑιιῆἰ1111 611111 1111111111 111 11111
1111111111 1111 1111111111 111111 111 1111111 11111111
’· 29. ξιξῗιξέτῖη 111111111111111111 11111.
11. 1111111111611111111111.

1111111ἑὲ1111 111111111111111111111111111111111. v

’ΒΨ 111111111111111111111.

11. wat 1111 1111111 1111 1111111111111111
, fl ,

11. 11. 11111111111111111 1111 11111111.
· 2¹. 111 1111111 11 111111 111 111111.
· 11. 11.11111111111111111111 1111111111 11111111111111111
11111111111111111111. ⁴
11111111

1. 111 111(111111111111111111111111 1111 1111111
. {ffff‘fssu 11111111.

. 11. 1111111 1111111 111 1311111111 1111111.

· 11111 111111111111111 1111111111111111 111 6111111111
. 1111. 6111111111111111111 11111111111111111111.

affin 11161111111111111111111111111111111111

11111 1111 11111111 111111 111111111111
11111111111111111111111111 , ,

 

