25⁸ ’1511
Μ 111 11111 111111 11111 1111111111. 1111111111 11111 Mt

¹ 111111 1111111111,1111111111111111119111111111111111

611111 111111 91111911 111111 1111111 111 111 1111611111 1111·

1111111 11, 1119111 111 1111111 11111 1111111 111 1111 11111 111111
Ι6111911111, 11 111 111Μ11111111111.

1111 111111 1111111111111, 11 111 91111111 1111, 111 1111
11111111, 1111111111111111 9111111, 111 111 11111 111
11111111 1111111111 11111 11111111, 111 1111 11111 1111119119.
1111 1111 1111111 Μ 1111 1111 111111 11111, 111 11111111
1111111111111111111111 111911111 1111111, 91111 111 1111 11
1111111111, 111 11 11111111911111111111 1111 1111111 11 1111
11111, 111 11111 Μ 11111 1111111111, 11111111 111 1111111·
1111111111, 61111 111111 111 11111 111111 91111111111111111
’ 111111 111 111111 1111111, 11 1111111 111 1111111.

1111111111 1111911111 111111 1111611111111 111 1111191111
111 111111, 11111111 111 1111 111 (11111111 111 11161111
1111111 1111111111, 1111191911 1111111119 1111111, 111 119111
61111, 1111181111111 11111111 111111 111, 1111161111, 111
1111111, 111111111111111 1111111 1111111, 11111 1111111111,
1111 11111911 1111 1111 111111 1111111 11111, 111111 111
11911 111111 111 Μ 1111111111 11111 911111111111111
6111111111 11111, 111 1191111111, 1111111 111111111111111111
1111111111 6111 911111, 1111911111, 11 111 11111111 1111111111.

1111 11 111 8119111111, 111 11111 1111, 1111111 1111111 1111111
611991111111 111191111 6111 9111111 1111 1111 1111111111
111111 111 1111111111 111 111, 111111 111111 11 111, 1111 11111
1111111, 11 111911 11111111. 11111 1111111611111111111 111
91111 1111111911, 1111111191191111111 111 11111111 6119111111
111111111111111111 111 111111111911, 111111 11 11, 11111
111 1111111111, 111 111 111111 11 1111 9111111 111.

11111 111111 11111111 111, 111 11111111111111 11111
11111111 (1111. 11, w: 1111 11111 11111111911 111
61191111,11111111Θ119111111, 11 1111111611·
1111 6111111 111 111911 1111111, 111 111 11119111 1111111111,
1111 1111111111 11 11111 91111911. 1111111119, 611111
11111111 111 111 6119 11111111111111911, 111 81111 1119111
1111111, 1111 1111111 11111 11 111111. 111111 (1111 111 1111 1116119
11111 1111 1191111, 1111 1111111 1111111, 1111111 11111, 1111 111Ι
111 1111111911191, 11111.

 

