022³ ’ 1111.

Ι1111111113.111111111111111.1111111111111.111111111361.
111111111011 1111111112. 1.11111.’111111.11111111111

&aab 111 11111 11 111111. 11111 1111 1111111111 Ν. 1111

6111111 11111 111111 11111 11111111111111111111 1111 1111111
1111111111 111111 1111111111111111 1111111 111 111 1111 11111111
111 11111111 111 111111 11111 6111111 1111111 111 11 1111111111. ²)
1111 1111 1111 1111 1111 (111111 11111111 111111 1111111 1111 1111111111
111 111 111811111111111111111111111111111 111111 11111111 11111
· . 111111 11111111 111111 111 11111 111111 1111 1111 1116111111 111111
1111111111111111111.6111111111111111111111111111111
11 11111 1111111 11111111 111 111 ’1111111111 11111111 1111111111
1111111 1111 1111111111 1111 11111111 111 1111 11111 1111111 111
1111111111 111 1111111111, 11 111111 111111 1111 11111111 111 111
11111111 11111 11111111 1111. 11111111 1111111111 1111111111 611111
1111111111 1111111111.111111111111111111 1111111 1111111
11111111 1111111111 11111111111111111.1111111 1111111111 11111
. ’1111111 11111111 1111111 11111 11111111111111111111111111111111
11111111111111111111.111111111111111111111111111111111111
111111 1111111111111111111111111111 111 1111 1111111 1111111111
11111111 1111111111 1111111 111 11111111 111111 111 11 111111 1111
, 111111 11111 1111111111 1111111 11111111 111111111111 1111 1111111
“ 11111 111 111 111111 11111111 111 1111111111 111111 111 1111111111
11111111) 111 111 111 oeten 11111 11111 1111 111111 ,1111111111111
1111111111111111 111 11111111 1111111111 111111 11 81111111 111 11111·
-’ 1111 11111 1111 11111 1111111111 1111111 11111 1111111 1111111
1111 111 11111111111111111111 1111111 1111 111 111 61111111 1111.
1111111 1111111111 111111, 11 11111 111 111 111111 11 11111111 1111.
1111111 11111 111111 11111 11 11111 1111 11111111111111111111111
111111 1111111111 1111111111 1111 1111111111111111 11111 111111111
11111111 111 11 1111111111 1111111111 11111 1111111111 11111. 11111
111111 11111 111 1111111 11111 1111111 11111111111111111111111
11111 11111 111111. 1111111111181111111111111111111111111 111111
111111 111111 111 1111111 11111 1111111 111111 11111111 1111111111
11111111 111111. 1111111111111111111111111111 1111111111 11 11111
mh( 1111111111. Gt 11111 esurientes implebit 3 11111 111111 11111
. ’ 1111111 1111111 1111111111 1111111 1111111. ²) Ι

1) eut. 1111111111. 11 1111111111. 1111111132. zm eod. 1. 111111 111 111
111111 1111111 111111 1111 1. 1531.

 

