cam. , 533

999999 9999999 99 999 999999 999 99999999 9999 9. ³. 9999 999.. 9999999 ,
99999 999 9999 99999 999999 99999999 9999999 9999999 9999 999 9999
99999999 9999 9999999. 99999 9999999999 9999999 9999 99999 999999
99999999 6999999 9999999 999999 9999999999 9999999999. 9999999999 9999
99999 99 999 99999 99999 999 99999999 99999. 99 99. 9999999. 99999 99
99999 9999 9999 999999. 99999999 99999 99999 9999 99999 9999 enam
9999999. 99999999 99999 99999999, 9939. ’

29. 99999 ¹ No Mnnxxwu

999 9999999 39999999. 9999999 99 9999999 ’
“ 99999999999999999999.

wi. 1132& 999999.Ὴ.295. 99999 699999. 679.Νο 927. mmm&

&aab 999 999999. 999999 999999 9999 9999999999 9999999 (999999.
9899999 899999. 999 99999 99999 9999999999 99999999. 999999 69999999
99999. 99. 9999999. 9999 99999 99999999999999 999 9999999 9999999999
999 99999999 99. ¹) 99999999. 999 99999 99 99 99999. 999999 999999 9999·
9999 99999 99 99999 9999999999. 99 999 999999 99999 999 999999 9999999999 ,
999 (9999999 89999999 999 9999 9999999999 899999 9. m. ’9999999999
’999999 999. 999 999 9999999999. 9999 999999 9999999 999 99999999. 99999
’999 9 999 9999 99999. 9999 999 999999 9999999 999 99 999999. 99999999
999 999999 9999 99999999. 999 999 99999999 999 999 99999 999999 9999999 .
(99999999 99 9999999999 9999 99 9 99 9 699999 9999 9999 (99999999) 999
9999 999999 999999 99 9. w 999999 9999 9999 9999999 99999 99999999
9999999. 999 99 999 9999999 &athen 9999999 999 (99999999 99999999 99999
99999999. 99999 99 9999 999999 9999 9999999999 99999. 9999 99999
99 999999 99999999. 9999 99 99 9999 999 999999. 99999999 99999 9999
99999999. 999 99. 9999999999. 999 99 999 9999 99 9999 99. 99999999

9999999999 999999 v. ¹ ι

999999 99. 99999 9. 99. 99999999. 99999999 999 9999999 99999 999 “

9999. 99999 99 mid> 9999999999. 9999 999 99999 (99999 99 9999 &aaa
9999 99999 9999999999 999) 99999999 9999 9999 99999 99999999
999999. 9999 999 999999. 9999 99999 99999999 9999 9999999999 9999
99999 999 9999999 9999 999999. 999 999999999 999 99999. 99999999 99999
99999999. 9999999. 9999999999 9999 Jubilnte, 9999. 9339

9999999999 9999999 v

n

9) 9999 99999999.

 

