J 333 - 33.33

33333333 333333 33 333333 333 333 333333. 33333. 3333333333
333333 3333333 33333 333333 3333. st. ‘o‘ 33. 3333 33333333 33333333
3333333 33333333 333 3333333. 83 3333333333 333Ι ot. 333333 333
33333 33333 3333 3333.

e. 33. 8 (3.
333333333333
3333333333 333333. .

W

29. 83333333. Νὓ. Mccchxw.

333 333 3333333333 333333 3 33333333.

3333333333 3333333 3333 3333 3333333 3333333333 3. 333333 333 3333333333 33333
333 333 33333333 3333333 33333 33333 33 33333 33 3333333.

33333 cod. 333333 353. r. 63333. 333333 33333 3333 333 33333333 333 3333333. 3333333
’ 3333333333, 3333333 seeke=1dorrL.u1. 3. 3. p. 33. 3333333.

Dent 33333333333333 33333333 333 633333] 63333 23333333
8333333333 63333333 33 &admunt 3333333333 33 3333333333
3333 333333333333 su meiss'em 33333333 33333333 633333 3

Θ 3. 33. 33 Q 3333333 333 33333 3333 333333. 3333333333.
3333333333 333333 33333333 33333 3333 333 333 3333333 gu. 3)..
33 3. 33. 33. 33333333333333, 3333 33333333 333 33333 33333 333333
(333 33 3333 333 3333333333 33 33333333 ῡ3333 3333333333 333 333
333 3333 333 33333 3333333 33333 3333 3333333 33333. 33333333 333
33 3333. 333 333 3333 333 3. 33. 33. 33333333 333 3333333 333333

> mens 333 3. 33. (3. 333 333 33333 33333 333 333333 33 3333333 33
, 3333 33 33333 333 3333 3333 33333333 333 333333 &urges 3. 33. 33.
3333333 3333 33333 33333 3333333333 33333 ¹) 33333 3333333 333333.
3333333. 333 3333333333. 3333333333 3333 &ott 333333 333 333
333 &its 333 333 333 333333. 333 333 &christ 83. 333333 33333
33333333 333 33333 333 (333333 333 333 333 333 333333
33333 3333333333 33. ad> herm-qo 333. 333333 33333 oetam
333333 333333 3333 3333333 3333333333. 3333333 333 3333333333, 333

Μ

33 3333 3333. 3333 333 33333.

 

